1
3500
2150.00
London
6
4
1
3500
2150.00
London
6
4
1
3500
2150.00
London
6
4
1
3500
2150.00
London
6
4
1
3500
2150.00
London
6
4
1
3500
2150.00
London
6
4
1
3500
2150.00
London
6
4
1
3500
2150.00
London
6
4
1
3500
2150.00
London
6
4
1
3500
2150.00
London
6
4
1
3500
2150.00
London
6
4
1
3500
2150.00
London
6
4
1
3500
2150.00
London
6
4
1
3500
2150.00
London
6
4
1
3500
2150.00
London
6
4
1
3500
2150.00
London
6
4
1
3500
2150.00
London
6
4
<<<<<<< HEAD
=======
1
3500
2150.00
London
6
4
1
3500
2150.00
London
6
4
>>>>>>> b34f055df3ddb67aa565347709ad270f5fb39fae
1
3500
2150.00
London
6
4
1
3500
2150.00
London
6
4
1
3500
2150.00
London
6
4
1
3500
2150.00
London
6
4
1
3500
2150.00
London
6
4
1
3500
2150.00
London
6
4
1
3500
2150.00
London
6
4
1
3500
2150.00
London
6
4
<<<<<<< HEAD
=======
<<<<<<< HEAD
>>>>>>> 44f296434bdd2df3b164a4f85b1f7a664df308e1
1
3500
2150.00
London
6
4
1
3500
2150.00
London
6
4
1
3500
2150.00
London
6
4
1
3500
2150.00
London
6
4
<<<<<<< HEAD
=======
1
3500
2150.00
London
6
4
1
3500
2150.00
London
6
4
1
3500
2150.00
London
6
4
1
3500
2150.00
London
6
4
1
3500
2150.00
London
6
4
1
3500
2150.00
London
6
4
1
3500
2150.00
London
6
4
=======
>>>>>>> d8ec104265cc883673a89da126c833bc9dc0b337
<<<<<<< HEAD
1
3500
2150.00
London
6
4
=======
>>>>>>> 44f296434bdd2df3b164a4f85b1f7a664df308e1
>>>>>>> 011f15891a4a53b8031a4883f120df6e9a4e52aa
1
3500
2150.00
London
6
4
1
3500
2150.00
London
6
4
1
3500
2150.00
London
6
4
1
3500
2150.00
London
6
4
1
3500
2150.00
London
6
4
1
3500
2150.00
London
6
4
1
3500
2150.00
London
6
4
1
3500
2150.00
London
6
4
1
3500
2150.00
London
6
4
1
3500
2150.00
London
6
4
1
3500
2150.00
London
6
4
1
3500
2150.00
London
6
4
1
3500
2150.00
London
6
4
1
3500
2150.00
London
6
4
1
3500
2150.00
London
6
4
1
3500
2150.00
London
6
4
1
3500
2150.00
London
6
4
1
3500
2150.00
London
6
4
1
3500
2150.00
London
6
4
